theta_rad: 0.49075845570582916
theta_deg: 28.118388272301964
M: 0.021388762382235995
X: 54.900786029932206
L1_loss: 37865.09387712549

LaTeX equation:
\left(t*\cos(0.490758)-e^{{0.021389}|t|}\cdot\sin(0.3t)\sin(0.490758)+54.900786,\;42+t*\sin(0.490758)+e^{{0.021389}|t|}\cdot\sin(0.3t)\cos(0.490758)\right)
